[1]  1.00000  2.00000 22.52383

 N    = 0.02456053+-0.001081937
 C    = 0.001069854+-0.0001265001
 mu    = 1.497698+-0.1669007
 sigma = 4.266335+-0.1382137
