[1]  1.00000  2.00000 22.52383

 mu    = 1.497698+-0.1669007
 sigma = 4.266335+-0.1382137
